10163
10997
11339
11357
11834
12167
12315
12358
1260815
1260817
1261107
1261284
1261469
1262534
1265602
1267520
1269119
1269645
1270043
1270387
1272114
1273005
1273205
1274675
1274687
1277043
1277813
1277843
1280112
1280230
1281503
1282059
1283427
1285160
1286339
1286616
1287424
1287915
1288130
1290497
1290619
1290621
1291281
1291328
1292276
1293678
1293851
1294610
1295870
1298934
1299037
1299212
1299324
1301573
1302812
1303226
1306637
1306672
1306725
1307882
1308278
1308556
1309201
1309724
1312310
1312314
1313328
1313331
1313641
1315848
1317793
1318788
1319930
1320975
1321862
1323712
1327068
1327075
1329597
1330529
14380
14435
14568
14785
15143
15318
15482
15889
16283
17203
1731
17455
18248
2203
22498
22752
24230
25686
26279
27347
3490
3925
43344
44020
44119
44134
44712
45066
45137
45315
45526
463
4643
46804
47913
48464
4887
4894
49418
49613
49615
50336
50564
50906
51484
51658
51727
52565
53270
54324
54336
54399
54558
5476
55298
55880
56196
56487
56727
57723
58657
59269
59359
6257
6522
6656
6690
7589
8358
8453
8634
8807
932
9334
9816
9820
